# SR numbers whose buying rate came from UAE/UK/US/EU listings (not a Pakistani seller); shown as '<brand> / Equivalent' in the quotation
2
3
4
5
20
21
22
27
28
41
43
45
47
48
49
50
51
55
56
58
59
66
67
69
70
74
75
76
77
78
79
80
81
82
83
84
85
86
87
88
89
90
91
92
96
98
99
100
101
102
104
107
109
110
116
117
118
119
120
123
124
125
126
127
128
129
130
132
133
134
139
140
142
143
144
145
154
161
162
177
179
180
181
182
183
184
185
186
187
188
189
190
191
192
193
194
195
196
204
205
206
207
209
210
211
212
213
214
215
216
217
218
219
220
221
222
224
225
226
227
228
229
236
240
